Header: Header {
    extents: Extents {
        xmin: 0.0,
        xmax: 6.500000000000041,
        ymin: 0.0,
        ymax: 4.50000000000004,
    },
    limits: Extents {
        xmin: 0.0,
        xmax: 12.0,
        ymin: 0.0,
        ymax: 9.0,
    },
    base: Point {
        x: 0.0,
        y: 0.0,
    },
    view: DwgView {
        center: Point {
            x: 6.8504901960784315,
            y: 4.5,
        },
        height: 9.0,
    },
    axis: Mode {
        on: false,
        spacing: 0.0,
    },
    snap: Mode {
        on: true,
        spacing: 0.5,
    },
    grid: Mode {
        on: false,
        spacing: 0.0,
    },
    ortho: true,
    fill: true,
    text_size: 0.19999999999999996,
    trace_width: 0.04999999999999999,
    units: Units {
        format: Decimal,
        precision: 4,
    },
    current_layer: 1,
    layers: {
        0: 0,
        1: 15,
    },
    dwg_header_passthrough: Some(
        [
            65,
            67,
            49,
            46,
            52,
            48,
            0,
            0,
            0,
            0,
            0,
            0,
            0,
            0,
            0,
            0,
            0,
            0,
            0,
            0,
            0,
            0,
            0,
            0,
            0,
            0,
            0,
            0,
            0,
            0,
            0,
            0,
            0,
            0,
            0,
            0,
            146,
            2,
            0,
            0,
            4,
            0,
            0,
            0,
            0,
            0,
            0,
            0,
            0,
            0,
            0,
            0,
            0,
            0,
            0,
            0,
            0,
            0,
            0,
            0,
            0,
            0,
            0,
            0,
            0,
            0,
            46,
            0,
            0,
            0,
            0,
            0,
            26,
            64,
            45,
            0,
            0,
            0,
            0,
            0,
            18,
            64,
            0,
            0,
            0,
            0,
            0,
            0,
            0,
            0,
            0,
            0,
            0,
            0,
            0,
            0,
            0,
            0,
            0,
            0,
            0,
            0,
            0,
            0,
            0,
            0,
            0,
            0,
            0,
            0,
            0,
            0,
            40,
            64,
            0,
            0,
            0,
            0,
            0,
            0,
            34,
            64,
            231,
            230,
            230,
            230,
            230,
            102,
            27,
            64,
            0,
            0,
            0,
            0,
            0,
            0,
            18,
            64,
            0,
            0,
            0,
            0,
            0,
            0,
            0,
            0,
            0,
            0,
            0,
            0,
            0,
            0,
            34,
            64,
            1,
            0,
            0,
            0,
            0,
            0,
            0,
            0,
            224,
            63,
            0,
            0,
            0,
            0,
            0,
            0,
            0,
            0,
            0,
            0,
            1,
            0,
            1,
            0,
            1,
            0,
            152,
            153,
            153,
            153,
            153,
            153,
            201,
            63,
            152,
            153,
            153,
            153,
            153,
            153,
            169,
            63,
            1,
            0,
            15,
            0,
            0,
            0,
            15,
            0,
            255,
            0,
            255,
            0,
            255,
            0,
            255,
            0,
            255,
            0,
            255,
            0,
            255,
            0,
            255,
            0,
            255,
            0,
            255,
            0,
            255,
            0,
            255,
            0,
            255,
            0,
            255,
            0,
            255,
            0,
            255,
            0,
            255,
            0,
            255,
            0,
            255,
            0,
            255,
            0,
            255,
            0,
            255,
            0,
            255,
            0,
            255,
            0,
            255,
            0,
            255,
            0,
            255,
            0,
            255,
            0,
            255,
            0,
            255,
            0,
            255,
            0,
            255,
            0,
            255,
            0,
            255,
            0,
            255,
            0,
            255,
            0,
            255,
            0,
            255,
            0,
            255,
            0,
            255,
            0,
            255,
            0,
            255,
            0,
            255,
            0,
            255,
            0,
            255,
            0,
            255,
            0,
            255,
            0,
            255,
            0,
            255,
            0,
            255,
            0,
            255,
            0,
            255,
            0,
            255,
            0,
            255,
            0,
            255,
            0,
            255,
            0,
            255,
            0,
            255,
            0,
            255,
            0,
            255,
            0,
            255,
            0,
            255,
            0,
            255,
            0,
            255,
            0,
            255,
            0,
            255,
            0,
            255,
            0,
            255,
            0,
            255,
            0,
            255,
            0,
            255,
            0,
            255,
            0,
            255,
            0,
            255,
            0,
            255,
            0,
            255,
            0,
            255,
            0,
            255,
            0,
            255,
            0,
            255,
            0,
            255,
            0,
            255,
            0,
            255,
            0,
            255,
            0,
            255,
            0,
            255,
            0,
            255,
            0,
            255,
            0,
            255,
            0,
            255,
            0,
            255,
            0,
            255,
            0,
            255,
            0,
            255,
            0,
            255,
            0,
            255,
            0,
            255,
            0,
            255,
            0,
            255,
            0,
            255,
            0,
            255,
            0,
            255,
            0,
            255,
            0,
            255,
            0,
            255,
            0,
            255,
            0,
            255,
            0,
            255,
            0,
            255,
            0,
            255,
            0,
            255,
            0,
            255,
            0,
            255,
            0,
            255,
            0,
            255,
            0,
            255,
            0,
            255,
            0,
            255,
            0,
            255,
            0,
            255,
            0,
            255,
            0,
            255,
            0,
            255,
            0,
            255,
            0,
            255,
            0,
            255,
            0,
            0,
            0,
            0,
            0,
            0,
            0,
            0,
            0,
            63,
            205,
            176,
            233,
            119,
            91,
            248,
            63,
            2,
            0,
            4,
            0,
            1,
            0,
            1,
            0,
            0,
            0,
            0,
            0,
            0,
            0,
            0,
            0,
            0,
            0,
            0,
            0,
            0,
            0,
            0,
            0,
            208,
            63,
            152,
            153,
            153,
            153,
            153,
            153,
            185,
            63,
            0,
            0,
            0,
            0,
            0,
            0,
            0,
            0,
        ],
    ),
}
Items: [
    Entity(
        OnLayer {
            layer: 1,
            entity: Line {
                start: Point {
                    x: 2.1,
                    y: 3.15,
                },
                end: Point {
                    x: 6.37254901960789,
                    y: 4.47058823529416,
                },
            },
        },
    ),
    Entity(
        OnLayer {
            layer: 1,
            entity: Line {
                start: Point {
                    x: 2.1,
                    y: 3.15,
                },
                end: Point {
                    x: 6.500000000000041,
                    y: 3.15000000000005,
                },
            },
        },
    ),
    Entity(
        OnLayer {
            layer: 1,
            entity: Line {
                start: Point {
                    x: 5.1,
                    y: 0.2,
                },
                end: Point {
                    x: 6.37254901960789,
                    y: 4.47058823529416,
                },
            },
        },
    ),
    Entity(
        OnLayer {
            layer: 1,
            entity: Line {
                start: Point {
                    x: 5.1,
                    y: 0.2,
                },
                end: Point {
                    x: 5.10000000000004,
                    y: 4.50000000000004,
                },
            },
        },
    ),
]
